1 3362
2 3668
3 3974
1 4229
2 4280
4 4332
3 4587
2 4893
1 5199
2 5505
3 6678
4 6729
3 7036
2 7342
1 7648
3 7954
1 9178
2 9791
3 10403
4 11015
1 11627
2 12308
3 13077
4 13959
4 17375
1 17375
2 17459
3 17536
4 17689
2 17689
1 17842
3 17842
4 17918
2 17995
3 18148
4 18148
1 18301
2 18301
3 18377
4 18454
1 18607
2 18607
3 18760
4 18760
2 18837
1 18913
2 19066
3 19066
4 19219
1 19219
3 19296
2 19372
3 19525
4 19525
1 19678
3 19678
2 19755
4 19831
1 19985
2 19985
3 20138
4 20138
2 20189
1 20240
4 20291
2 20444
3 20444
1 20597
4 20597
2 20673
3 20750
2 20903
4 20903
1 21056
3 21056
4 21056
2 21133
3 21209
1 21362
4 21362
2 21515
3 21515
4 21592
1 21668
3 21821
4 21821
2 21974
3 21974
1 22051
4 22127
2 22280
1 22280
3 22434
4 22434
1 22510
2 22587
4 22740
1 22740
2 22893
3 22893
4 22969
1 23046
2 23199
3 23199
4 23352
1 23352
2 23428
3 23505
4 23581
1 23658
2 23735
3 23811
4 23862
2 23913
3 23964
4 24015
1 24066
2 24117
3 24168
4 24219
1 24270
2 24423
3 24423
4 24576
1 24576
2 24729
3 24729
1 24729
4 24729
2 26566
4 27025
3 27485
1 28097
4 28250
1 28403
2 28709
3 29168
4 29321
2 29627
4 29934
3 30240
1 30699
2 30699
4 31158
1 31158
1 31770
2 31923
4 32000
1 32076
3 32229
2 32383
1 32434
2 32485
3 32536
4 32689
1 32842
2 32918
4 32995
1 33148
2 33199
3 33250
4 33301
2 33454
3 33607
1 33760
2 33913
3 34066
4 34219
1 34372
2 34525
4 34678
1 34831
3 34985
4 35138
1 35291
2 35444
4 35597
1 35750
3 35903
4 36056
1 36209
2 36362
4 36515
1 36668
3 36821
4 36974
1 37127
2 37280
3 37280
4 37434
3 37434
2 37587
1 37740
3 37893
4 38046
2 38199
3 38352
4 38428
1 38505
2 38658
3 38811
4 38964
2 39117
3 39270
1 39423
4 39423
2 39423
1 39576
2 39576
4 39576
3 39729
2 39806
1 39883
3 39883
4 39883
2 40036
1 40189
3 40189
4 40189
2 40342
1 40342
4 40342
1 40648
2 40648
4 40648
1 40954
2 40954
4 40954
1 41260
3 41260
3 41413
1 41413
4 41566
2 41719
3 41719
2 41872
3 41872
1 42025
3 42178
4 42178
1 42485
4 42485
4 42791
1 42791
2 43097
4 43097
2 43250
4 43250
1 43403
3 43556
4 43556
3 43709
4 43709
2 43862
4 44015
1 44015
4 44321
1 44321
3 44474
2 44551
4 44627
3 44627
1 44704
2 44780
3 44857
1 44934
4 44934
1 45087
4 45087
2 45240
3 45393
4 45393
3 45546
4 45546
1 45699
2 45852
3 45852
4 46005
3 46081
2 46158
4 46311
3 46388
1 46464
2 46515
3 46566
4 46617
1 46694
2 46770
3 46770
4 46770
1 46923
2 47000
3 47076
4 47229
1 47383
3 47383
2 47536
3 47689
4 47689
1 47842
2 47918
3 47995
4 48148
3 48224
1 48301
2 48301
3 48454
1 48607
4 48607
2 48607
3 48760
2 48837
1 48913
3 49066
4 49143
2 49219
1 49372
2 49449
3 49525
4 49678
3 49755
2 49831
1 49985
4 50061
1 50138
3 50291
2 50367
3 50444
1 50597
2 50673
3 50750
4 50903
3 50979
2 51056
4 51209
2 51286
1 51362
2 51515
3 51592
4 51668
3 51745
2 51821
1 51898
3 51974
4 51974
2 52127
1 52127
3 52280
4 52280
3 52434
4 52434
4 52587
3 52587
1 52740
2 52740
2 52893
1 52893
2 53046
1 53046
4 53199
1 53199
2 53352
3 53352
2 53505
4 53505
1 53658
3 53658
2 53811
3 53811
1 53964
4 53964
2 54117
3 54117
4 54117
4 54270
3 54270
2 54270
1 54576
2 54576
3 54576
1 54883
2 54883
4 54883
1 55036
2 55036
4 55036
4 55189
3 55265
2 55342
1 55418
3 55495
2 55571
3 55648
4 55648
1 55724
2 55801
3 55877
4 55954
1 55954
4 56566
2 56719
4 56872
3 57485
2 57791
3 58403
1 58709
3 59321
2 59398
4 59474
1 59551
4 59627
3 60240
1 60393
3 60546
2 61158
1 61464
4 62076
2 62383
3 62995
4 63071
1 63148
2 63224
4 63301
3 63301
2 63760
3 64219
4 64678
1 65138
2 65597
3 66056
4 66515
4 66974
3 67051
2 67127
1 67204
4 67280
3 67357
2 67434
1 67510
3 67587
2 67663
4 67740
1 67816
2 67893
3 67893
4 67969
3 68046
2 68122
1 68199
4 68275
2 68352
3 68428
1 68505
4 68581
3 68658
2 68735
1 68811
3 68888
4 68964
1 69041
2 69117
3 69194
2 69270
1 69347
4 69423
2 69500
3 69576
1 69653
3 69729
2 69806
4 69883
3 69959
2 70036
1 70112
3 70189
4 70265
2 70342
3 70418
1 70495
2 70571
4 70648
3 70724
2 70801
1 70877
4 70954
2 71030
3 71107
1 71184
2 71260
3 71337
4 71413
1 71490
2 71566
1 71872
4 71872
2 71949
3 72025
4 72102
1 72178
2 72255
3 72331
4 72408
1 72485
3 72561
2 72638
4 72714
1 72791
3 72867
2 72944
4 73020
3 73097
2 73173
1 73250
4 73326
3 73403
2 73479
1 73556
4 73633
2 73709
3 73786
4 73862
1 73939
3 74015
2 74092
4 74168
3 74245
2 74321
1 74398
4 74474
2 74551
3 74627
1 74704
4 74780
2 74857
3 74934
1 75010
2 75087
3 75163
4 75240
1 75240
1 75546
4 75546
3 75622
2 75699
1 75775
3 75852
4 75928
2 76005
3 76081
1 76158
4 76235
3 76311
4 76388
1 76464
2 76541
3 76617
4 76694
2 76770
3 76847
2 76923
4 77000
3 77076
1 77153
2 77229
3 77306
4 77383
1 77459
3 77536
2 77612
4 77689
1 77765
3 77842
4 77918
2 77995
1 78071
3 78148
4 78224
2 78301
3 78377
1 78454
4 78530
2 78607
1 78684
3 78760
4 78837
1 78913
4 78990
1 79066
4 79143
1 79219
3 79372
2 79449
3 79525
2 79602
3 79678
1 79831
4 79908
1 79985
4 80061
1 80138
4 80291
3 80342
2 80393
1 80444
4 80520
1 80597
4 80673
2 80750
3 80826
4 80903
3 80979
2 81056
1 81133
4 81209
3 81286
2 81362
1 81439
4 81515
2 81592
3 81668
1 81745
4 81821
3 81898
2 81974
1 82051
2 82127
3 82204
4 82280
2 82331
1 82383
4 82434
3 82485
2 82536
1 82587
4 83199
3 83199
1 83811
2 84117
1 84423
2 84423
3 84500
4 84576
1 84653
2 84729
3 84806
4 84883
1 84959
3 85036
2 85112
1 85189
4 85265
3 85342
2 85418
1 85495
2 85571
3 85648
4 85724
1 85801
2 85877
3 85954
4 86030
3 86107
2 86184
4 86260
3 86337
2 86413
1 86490
3 86566
4 86643
2 86719
1 86796
3 86872
2 86949
4 87025
3 87102
1 87178
2 87229
3 87280
4 87331
1 87383
2 87434
3 87485
4 87536
1 87587
2 87638
3 87714
4 87791
2 87867
1 87944
3 88020
2 88097
4 88173
3 88250
2 88326
1 88403
2 88479
3 88556
4 88633
1 88709
2 88786
4 88862
3 88939
2 89015
1 89092
4 89168
3 89245
2 89321
1 89398
2 89474
3 89551
4 89627
1 89704
2 89780
3 89857
4 89934
3 90010
1 90087
2 90163
4 90240
3 90316
2 90393
1 90469
3 90546
4 90622
2 90699
3 90775
1 90852
4 90928
3 91005
2 91081
1 91158
2 91235
3 91311
4 91388
1 91464
2 91541
3 91617
4 91694
1 91770
2 91770
4 91923
3 92000
2 92076
1 92076
3 92229
4 92306
1 92383
2 92383
3 92536
2 92612
1 92689
4 92689
2 92842
3 92918
4 92995
1 92995
2 93148
1 93224
2 93301
4 93301
3 93454
2 93530
1 93607
4 93607
2 93760
3 93837
4 93913
1 93913
2 94066
3 94143
2 94219
1 94219
4 94372
3 94449
2 94525
1 94525
4 94678
3 94729
2 94780
1 94831
4 94831
3 94985
2 95061
3 95138
4 95138
1 95291
2 95367
3 95444
4 95444
2 95597
4 95597
2 95750
3 95750
1 95903
3 95903
4 96056
1 96056
2 96209
3 96209
1 96362
4 96362
1 96515
3 96515
4 96668
2 96668
1 96821
4 96821
1 96974
2 96974
3 97127
4 97127
2 97280
1 97280
2 97434
3 97434
4 97587
3 97587
1 97740
4 97740
2 97893
3 97893
1 98046
4 98046
4 98199
3 98250
2 98301
1 98352
3 98403
4 98454
1 98505
2 98556
3 98607
4 98658
2 98709
1 98760
4 98811
3 98862
2 98913
1 98964
3 99015
2 99066
4 99117
1 99117
1 99270
4 99270
1 99576
4 99576
1 99729
4 99729
2 100036
4 100036
1 100954
2 100954
4 100954
1 101107
4 101107
1 101413
4 101413
1 101566
4 101566
2 101872
4 101872
3 102638
2 102714
1 102791
3 102791
4 102791
1 102944
4 102944
1 103250
4 103250
1 103403
4 103403
1 103709
3 103709
1 104627
2 104627
4 104627
4 104780
1 104780
1 105087
4 105087
1 105240
4 105240
1 105546
4 105546
3 105699
2 105775
1 105852
4 105852
3 106005
2 106081
1 106158
4 106158
2 106235
3 106311
4 106388
2 106464
1 106464
3 106617
4 106694
1 106770
2 106923
3 107000
4 107076
1 107229
2 107306
4 107383
3 107459
2 107536
1 107612
4 107689
3 107765
2 107842
1 107918
3 107995
4 108071
2 108148
1 108224
3 108301
4 108454
3 108530
2 108607
1 108760
3 108837
4 108913
2 109066
3 109143
1 109219
4 109296
2 109372
3 109449
2 109525
4 109602
1 109678
3 109755
2 109831
4 109908
3 109985
2 110061
1 110138
4 110138
4 110444
1 110520
2 110597
3 110673
4 110750
1 110826
2 110903
4 110979
3 111056
2 111133
1 111209
2 111286
3 111362
4 111439
1 111515
2 111592
3 111668
4 111745
3 111821
1 111898
2 111974
3 112051
4 112127
1 112204
3 112280
2 112357
4 112434
3 112510
2 112587
1 112638
4 112689
3 112740
2 112791
1 112842
3 112893
4 112944
2 112995
1 113046
4 113097
3 113148
2 113199
1 113275
4 113352
3 113428
2 113505
1 113581
3 113658
2 113735
4 113811
3 113811
1 113964
2 114117
3 114270
4 114423
3 114576
1 114729
2 114883
3 115036
4 115189
3 115342
4 115495
1 115648
2 115805
3 115963
4 116121
3 116279
4 116437
1 116595
2 116758
3 116921
4 117084
2 117252
3 117426
1 117576
2 117606
4 117634